     bookmaker       |       odd_home       |       odd_draw       |     odd_visitor      |     fk_id_match     
       10Bet         |         1.90         |         2.85         |         3.75         |          1          
       1xBet         |         1.99         |         3.14         |         3.76         |          1          
      Betfair        |         1.91         |         2.90         |         4.00         |          1          
      Betsafe        |         1.87         |         3.20         |         4.00         |          1          
      Betsson        |         1.87         |         3.20         |         4.00         |          1          
     BetVictor       |         1.93         |         3.00         |         4.00         |          1          
       ComeOn        |         1.90         |         2.85         |         3.75         |          1          
    Interwetten      |         1.90         |         3.00         |         4.10         |          1          
      Pinnacle       |         1.89         |         3.20         |         4.20         |          1          
    William Hill     |         1.85         |         2.90         |         4.20         |          1          
       10Bet         |         1.37         |         4.90         |         7.50         |          2          
       188BET        |         1.38         |         4.50         |         7.30         |          2          
       1xBet         |         1.38         |         4.70         |         7.70         |          2          
      888sport       |         1.36         |         4.50         |         8.00         |          2          
    bet-at-home      |         1.37         |         4.40         |         7.00         |          2          
       bet365        |         1.40         |         4.33         |         7.00         |          2          
      Betfair        |         1.36         |         4.50         |         8.00         |          2          
      Betsafe        |         1.38         |         4.75         |         7.50         |          2          
      Betsson        |         1.38         |         4.75         |         7.50         |          2          
     BetVictor       |         1.40         |         4.60         |         8.00         |          2          
       Betway        |         1.36         |         4.50         |         7.00         |          2          
        bwin         |         1.42         |         4.50         |         7.25         |          2          
       ComeOn        |         1.37         |         4.90         |         7.50         |          2          
    Interwetten      |         1.40         |         4.70         |         7.50         |          2          
      Pinnacle       |         1.39         |         4.93         |         8.63         |          2          
       SBOBET        |         1.38         |         4.55         |         6.38         |          2          
       Unibet        |         1.36         |         4.50         |         8.00         |          2          
    William Hill     |         1.36         |         4.40         |         9.00         |          2          
       youwin        |         1.38         |         5.00         |         7.75         |          2          
  Betfair Exchange   |         1.42         |         4.71         |         8.79         |          2          
       10Bet         |         2.40         |         3.20         |         2.95         |          3          
       188BET        |         2.35         |         3.20         |         2.92         |          3          
       1xBet         |         2.41         |         3.34         |         2.96         |          3          
      888sport       |         2.38         |         3.15         |         2.90         |          3          
    bet-at-home      |         2.35         |         3.05         |         2.85         |          3          
       bet365        |         2.40         |         3.50         |         2.75         |          3          
      Betfair        |         2.38         |         3.25         |         2.90         |          3          
      Betsafe        |         2.35         |         3.25         |         2.95         |          3          
      Betsson        |         2.35         |         3.25         |         2.95         |          3          
     BetVictor       |         2.45         |         3.25         |         2.90         |          3          
       Betway        |         2.25         |         3.10         |         3.00         |          3          
        bwin         |         2.30         |         3.20         |         3.00         |          3          
       ComeOn        |         2.40         |         3.20         |         2.95         |          3          
    Interwetten      |         2.45         |         3.15         |         2.90         |          3          
      Pinnacle       |         2.47         |         3.29         |         3.09         |          3          
       SBOBET        |         2.33         |         3.06         |         2.82         |          3          
       Unibet        |         2.38         |         3.15         |         2.90         |          3          
    William Hill     |         2.70         |         3.25         |         2.55         |          3          
       youwin        |         2.35         |         3.20         |         2.95         |          3          
  Betfair Exchange   |         2.43         |         3.38         |         3.00         |          3          
       10Bet         |         2.25         |         3.00         |         3.40         |          4          
       188BET        |         2.28         |         2.94         |         3.30         |          4          
       1xBet         |         2.32         |         3.14         |         3.38         |          4          
      888sport       |         2.25         |         3.00         |         3.25         |          4          
    bet-at-home      |         2.23         |         2.85         |         3.35         |          4          
       bet365        |         2.20         |         3.00         |         3.50         |          4          
      Betfair        |         2.25         |         2.90         |         3.50         |          4          
      Betsafe        |         2.30         |         2.95         |         3.40         |          4          
      Betsson        |         2.30         |         2.95         |         3.40         |          4          
     BetVictor       |         2.30         |         3.00         |         3.50         |          4          
       Betway        |         2.15         |         2.88         |         3.50         |          4          
        bwin         |         2.15         |         2.90         |         3.70         |          4          
       ComeOn        |         2.25         |         3.00         |         3.45         |          4          
    Interwetten      |         2.30         |         2.90         |         3.30         |          4          
      Pinnacle       |         2.35         |         2.99         |         3.67         |          4          
       SBOBET        |         2.30         |         2.87         |         3.11         |          4          
       Unibet        |         2.25         |         3.00         |         3.25         |          4          
    William Hill     |         2.35         |         3.10         |         3.10         |          4          
       youwin        |         2.25         |         2.95         |         3.40         |          4          
  Betfair Exchange   |         2.31         |         3.00         |         3.66         |          4          
       10Bet         |         3.15         |         3.05         |         2.35         |          5          
       188BET        |         3.05         |         3.00         |         2.38         |          5          
       1xBet         |         3.02         |         3.20         |         2.42         |          5          
      888sport       |         3.05         |         3.00         |         2.35         |          5          
    bet-at-home      |         3.10         |         2.90         |         2.33         |          5          
       bet365        |         3.00         |         3.00         |         2.30         |          5          
      Betfair        |         3.20         |         3.00         |         2.30         |          5          
      Betsafe        |         3.10         |         3.00         |         2.40         |          5          
      Betsson        |         3.10         |         3.00         |         2.40         |          5          
     BetVictor       |         3.20         |         3.10         |         2.38         |          5          
       Betway        |         2.90         |         3.00         |         2.38         |          5          
        bwin         |         3.40         |         3.10         |         2.20         |          5          
       ComeOn        |         3.20         |         3.10         |         2.35         |          5          
    Interwetten      |         3.10         |         2.95         |         2.35         |          5          
      Pinnacle       |         3.31         |         3.12         |         2.44         |          5          
       SBOBET        |         3.06         |         2.91         |         2.27         |          5          
       Unibet        |         3.05         |         3.00         |         2.35         |          5          
    William Hill     |         2.88         |         3.00         |         2.55         |          5          
       youwin        |         3.10         |         3.10         |         2.35         |          5          
  Betfair Exchange   |         3.28         |         3.19         |         2.37         |          5          
       10Bet         |         2.25         |         3.35         |         2.50         |          6          
       188BET        |         2.21         |         3.90         |         2.44         |          6          
       1xBet         |         2.27         |         3.72         |         2.64         |          6          
      888sport       |         2.25         |         4.00         |         2.50         |          6          
    bet-at-home      |         2.20         |         3.85         |         2.40         |          6          
      Betfair        |         2.20         |         3.75         |         2.55         |          6          
       Betway        |         2.30         |         3.75         |         2.50         |          6          
        bwin         |         2.20         |         3.70         |         2.45         |          6          
       ComeOn        |         2.25         |         3.35         |         2.50         |          6          
      Pinnacle       |         2.27         |         3.91         |         2.61         |          6          
       SBOBET        |         2.32         |         3.11         |         2.54         |          6          
       Unibet        |         2.25         |         4.00         |         2.50         |          6          
       youwin        |         2.35         |         3.70         |         2.70         |          6          
       10Bet         |         4.75         |         4.50         |         1.43         |          7          
       1xBet         |         5.05         |         5.00         |         1.46         |          7          
      888sport       |         4.50         |         4.33         |         1.57         |          7          
    bet-at-home      |         4.50         |         4.50         |         1.45         |          7          
      Betfair        |         5.00         |         4.40         |         1.44         |          7          
     BetVictor       |         6.00         |         4.40         |         1.40         |          7          
       Betway        |         5.00         |         4.50         |         1.48         |          7          
        bwin         |         4.75         |         4.20         |         1.49         |          7          
       ComeOn        |         4.75         |         4.50         |         1.43         |          7          
      Pinnacle       |         6.41         |         5.10         |         1.38         |          7          
       SBOBET        |         4.46         |         4.55         |         1.43         |          7          
       Unibet        |         4.50         |         4.33         |         1.57         |          7          
       youwin        |         5.00         |         4.50         |         1.58         |          7          
       10Bet         |         2.50         |         2.70         |         2.95         |          8          
       188BET        |         2.48         |         2.79         |         2.97         |          8          
       1xBet         |         2.64         |         2.70         |         3.08         |          8          
      888sport       |         2.45         |         2.85         |         2.95         |          8          
    bet-at-home      |         2.50         |         2.75         |         2.95         |          8          
       bet365        |         2.37         |         2.87         |         2.90         |          8          
      Betfair        |         2.45         |         2.75         |         3.10         |          8          
      Betsafe        |         2.55         |         2.75         |         3.10         |          8          
      Betsson        |         2.55         |         2.75         |         3.10         |          8          
     BetVictor       |         2.45         |         2.80         |         3.10         |          8          
       Betway        |         2.40         |         2.75         |         3.10         |          8          
        bwin         |         2.37         |         2.70         |         3.30         |          8          
       ComeOn        |         2.50         |         2.70         |         2.95         |          8          
    Interwetten      |         2.50         |         2.70         |         2.95         |          8          
      Pinnacle       |         2.65         |         2.79         |         3.24         |          8          
       SBOBET        |         2.42         |         2.68         |         2.77         |          8          
       Unibet        |         2.45         |         2.85         |         2.95         |          8          
    William Hill     |         2.50         |         2.62         |         3.10         |          8          
       youwin        |         2.55         |         2.85         |         3.10         |          8          
  Betfair Exchange   |         2.63         |         2.82         |         3.19         |          8          
       10Bet         |         2.80         |         2.65         |         2.75         |          9          
       188BET        |         2.78         |         2.70         |         2.70         |          9          
       1xBet         |         2.92         |         2.55         |         2.88         |          9          
      888sport       |         2.50         |         2.88         |         2.88         |          9          
    bet-at-home      |         2.75         |         2.65         |         2.75         |          9          
       bet365        |         2.70         |         2.75         |         2.70         |          9          
      Betfair        |         2.80         |         2.80         |         2.75         |          9          
      Betsafe        |         2.90         |         2.60         |         2.85         |          9          
      Betsson        |         2.90         |         2.60         |         2.85         |          9          
     BetVictor       |         2.70         |         2.88         |         2.70         |          9          
       Betway        |         2.80         |         2.63         |         2.75         |          9          
        bwin         |         2.75         |         2.75         |         2.75         |          9          
       ComeOn        |         2.80         |         2.65         |         2.75         |          9          
    Interwetten      |         2.80         |         2.60         |         2.85         |          9          
      Pinnacle       |         3.05         |         2.65         |         2.95         |          9          
       SBOBET        |         2.62         |         2.58         |         2.62         |          9          
       Unibet        |         2.50         |         2.88         |         2.88         |          9          
    William Hill     |         2.75         |         2.62         |         2.80         |          9          
       youwin        |         2.85         |         2.70         |         2.85         |          9          
  Betfair Exchange   |         2.95         |         2.79         |         2.84         |          9          
       10Bet         |         1.25         |         5.50         |         7.75         |          10         
       1xBet         |         1.30         |         5.55         |         7.70         |          10         
    bet-at-home      |         1.33         |         5.00         |         5.75         |          10         
      Betfair        |         1.22         |         5.50         |         7.50         |          10         
       Betway        |         1.29         |         5.25         |         8.00         |          10         
        bwin         |         1.31         |         4.80         |         7.00         |          10         
       ComeOn        |         1.25         |         5.50         |         7.75         |          10         
       youwin        |         1.30         |         6.00         |         7.75         |          10         
       10Bet         |         3.55         |         3.10         |         2.05         |          11         
       188BET        |         3.35         |         3.15         |         2.05         |          11         
       1xBet         |         3.62         |         3.24         |         2.03         |          11         
      888sport       |         3.45         |         3.30         |         1.97         |          11         
    bet-at-home      |         3.70         |         3.15         |         1.95         |          11         
       bet365        |         4.20         |         2.87         |         1.95         |          11         
      Betfair        |         3.60         |         3.20         |         2.00         |          11         
      Betsafe        |         3.75         |         3.10         |         2.05         |          11         
      Betsson        |         3.75         |         3.10         |         2.05         |          11         
     BetVictor       |         3.50         |         3.40         |         1.95         |          11         
       Betway        |         3.60         |         3.10         |         2.00         |          11         
        bwin         |         3.50         |         3.10         |         2.05         |          11         
       ComeOn        |         3.55         |         3.10         |         2.05         |          11         
    Interwetten      |         3.75         |         3.10         |         2.00         |          11         
      Pinnacle       |         3.92         |         3.23         |         2.08         |          11         
       SBOBET        |         3.21         |         2.92         |         2.02         |          11         
       Unibet        |         3.45         |         3.30         |         1.97         |          11         
    William Hill     |         3.50         |         3.10         |         2.05         |          11         
       youwin        |         3.70         |         3.20         |         2.05         |          11         
  Betfair Exchange   |         3.80         |         3.19         |         2.08         |          11         
       10Bet         |         1.55         |         3.40         |         6.75         |          12         
       188BET        |         1.56         |         3.35         |         6.10         |          12         
       1xBet         |         1.54         |         3.50         |         7.10         |          12         
      888sport       |         1.50         |         3.50         |         6.50         |          12         
    bet-at-home      |         1.53         |         3.30         |         6.80         |          12         
       bet365        |         1.53         |         3.40         |         6.00         |          12         
      Betfair        |         1.47         |         3.30         |         7.00         |          12         
      Betsafe        |         1.57         |         3.40         |         6.50         |          12         
      Betsson        |         1.57         |         3.40         |         6.50         |          12         
     BetVictor       |         1.53         |         3.30         |         7.50         |          12         
       Betway        |         1.53         |         3.40         |         6.50         |          12         
        bwin         |         1.58         |         3.25         |         6.75         |          12         
       ComeOn        |         1.55         |         3.40         |         6.50         |          12         
    Interwetten      |         1.57         |         3.30         |         7.00         |          12         
      Pinnacle       |         1.57         |         3.41         |         8.25         |          12         
       SBOBET        |         1.51         |         3.26         |         5.80         |          12         
       Unibet        |         1.50         |         3.50         |         6.50         |          12         
    William Hill     |         1.57         |         3.20         |         6.50         |          12         
       youwin        |         1.55         |         3.50         |         7.25         |          12         
  Betfair Exchange   |         1.62         |         3.33         |         8.22         |          12         
       10Bet         |         1.62         |         3.30         |         6.00         |          13         
       188BET        |         1.58         |         3.45         |         5.70         |          13         
       1xBet         |         1.60         |         3.44         |         6.15         |          13         
      888sport       |         1.62         |         3.25         |         5.60         |          13         
    bet-at-home      |         1.59         |         3.20         |         6.20         |          13         
       bet365        |         1.57         |         3.60         |         5.50         |          13         
      Betfair        |         1.53         |         3.30         |         6.50         |          13         
      Betsafe        |         1.57         |         3.50         |         6.50         |          13         
      Betsson        |         1.57         |         3.50         |         6.50         |          13         
     BetVictor       |         1.60         |         3.25         |         6.50         |          13         
       Betway        |         1.62         |         3.25         |         5.75         |          13         
        bwin         |         1.62         |         3.40         |         5.75         |          13         
       ComeOn        |         1.60         |         3.35         |         5.75         |          13         
    Interwetten      |         1.57         |         3.25         |         7.00         |          13         
      Pinnacle       |         1.61         |         3.40         |         7.44         |          13         
       SBOBET        |         1.65         |         3.06         |         4.65         |          13         
       Unibet        |         1.62         |         3.25         |         5.60         |          13         
    William Hill     |         1.63         |         3.20         |         5.80         |          13         
       youwin        |         1.58         |         3.40         |         6.75         |          13         
  Betfair Exchange   |         1.61         |         3.52         |         7.46         |          13         
       10Bet         |         2.20         |         2.80         |         3.45         |          14         
       188BET        |         2.16         |         2.81         |         3.55         |          14         
       1xBet         |         2.18         |         2.95         |         3.62         |          14         
      888sport       |         2.20         |         2.70         |         3.70         |          14         
    bet-at-home      |         2.13         |         2.80         |         3.70         |          14         
       bet365        |         2.15         |         2.87         |         3.50         |          14         
      Betfair        |         2.15         |         2.75         |         3.60         |          14         
      Betsafe        |         2.20         |         2.80         |         3.75         |          14         
      Betsson        |         2.20         |         2.80         |         3.75         |          14         
     BetVictor       |         2.25         |         2.80         |         3.50         |          14         
       Betway        |         2.15         |         2.80         |         3.60         |          14         
        bwin         |         2.15         |         2.90         |         3.50         |          14         
       ComeOn        |         2.25         |         2.75         |         3.55         |          14         
    Interwetten      |         2.20         |         2.70         |         3.70         |          14         
      Pinnacle       |         2.25         |         2.82         |         4.08         |          14         
       SBOBET        |         2.15         |         2.81         |         3.06         |          14         
       Unibet        |         2.20         |         2.70         |         3.70         |          14         
    William Hill     |         2.20         |         2.75         |         3.50         |          14         
       youwin        |         2.20         |         2.85         |         3.70         |          14         
  Betfair Exchange   |         2.24         |         2.90         |         3.85         |          14         
       10Bet         |         2.90         |         2.60         |         2.55         |          15         
       188BET        |         2.84         |         2.66         |         2.55         |          15         
       1xBet         |         3.22         |         2.58         |         2.62         |          15         
      888sport       |         3.00         |         2.60         |         2.60         |          15         
    bet-at-home      |         3.00         |         2.60         |         2.55         |          15         
      Betfair        |         3.00         |         2.70         |         2.70         |          15         
     BetVictor       |         2.75         |         2.75         |         2.60         |          15         
       Betway        |         3.00         |         2.70         |         2.50         |          15         
        bwin         |         2.65         |         2.65         |         2.75         |          15         
       ComeOn        |         2.90         |         2.60         |         2.55         |          15         
    Interwetten      |         3.05         |         2.55         |         2.55         |          15         
      Pinnacle       |         3.22         |         2.65         |         2.66         |          15         
       SBOBET        |         2.74         |         2.64         |         2.47         |          15         
       Unibet        |         3.00         |         2.60         |         2.60         |          15         
    William Hill     |         2.80         |         2.62         |         2.70         |          15         
       youwin        |         2.95         |         2.75         |         2.30         |          15         
  Betfair Exchange   |         3.09         |         2.75         |         2.65         |          15         
       10Bet         |         2.50         |         2.90         |         2.65         |          16         
       188BET        |         2.50         |         2.87         |         2.69         |          16         
       1xBet         |         2.60         |         2.78         |         2.92         |          16         
      888sport       |         2.55         |         3.00         |         2.80         |          16         
    bet-at-home      |         2.55         |         2.90         |         2.70         |          16         
      Betfair        |         2.50         |         3.00         |         2.88         |          16         
       Betway        |         2.50         |         2.90         |         2.80         |          16         
        bwin         |         2.37         |         3.00         |         2.80         |          16         
       ComeOn        |         2.50         |         2.90         |         2.65         |          16         
    Interwetten      |         2.65         |         2.85         |         2.60         |          16         
      Pinnacle       |         2.80         |         3.02         |         2.66         |          16         
       SBOBET        |         2.45         |         2.86         |         2.56         |          16         
       Unibet        |         2.55         |         3.00         |         2.80         |          16         
    William Hill     |         2.50         |         2.80         |         2.80         |          16         
       youwin        |         2.60         |         3.10         |         2.85         |          16         
  Betfair Exchange   |         2.63         |         3.04         |         2.84         |          16         
       10Bet         |         2.50         |         2.45         |         3.10         |          17         
       188BET        |         2.48         |         2.52         |         3.10         |          17         
       1xBet         |         2.73         |         2.36         |         3.46         |          17         
      888sport       |         2.60         |         2.40         |         3.40         |          17         
    bet-at-home      |         2.65         |         2.41         |         3.20         |          17         
      Betfair        |         2.75         |         2.45         |         3.10         |          17         
     BetVictor       |         2.50         |         2.63         |         3.00         |          17         
       Betway        |         2.70         |         2.50         |         3.00         |          17         
        bwin         |         2.45         |         2.55         |         3.20         |          17         
       ComeOn        |         2.50         |         2.45         |         3.10         |          17         
    Interwetten      |         2.65         |         2.40         |         3.20         |          17         
      Pinnacle       |         2.80         |         2.44         |         3.37         |          17         
       SBOBET        |         2.37         |         2.52         |         3.02         |          17         
       Unibet        |         2.60         |         2.40         |         3.40         |          17         
    William Hill     |         2.50         |         2.55         |         3.10         |          17         
       youwin        |         2.60         |         2.60         |         3.30         |          17         
  Betfair Exchange   |         2.75         |         2.48         |         3.28         |          17         
       10Bet         |         3.60         |         2.80         |         2.00         |          18         
       1xBet         |         3.96         |         2.78         |         2.14         |          18         
      888sport       |         3.80         |         2.85         |         2.02         |          18         
    bet-at-home      |         3.80         |         2.75         |         2.07         |          18         
      Betfair        |         3.80         |         2.80         |         2.00         |          18         
     BetVictor       |         3.80         |         2.90         |         1.95         |          18         
       Betway        |         3.60         |         2.88         |         2.10         |          18         
        bwin         |         3.80         |         2.80         |         2.00         |          18         
       ComeOn        |         3.60         |         2.80         |         2.00         |          18         
    Interwetten      |         3.85         |         2.70         |         2.10         |          18         
      Pinnacle       |         4.04         |         2.83         |         2.16         |          18         
       SBOBET        |         3.45         |         2.87         |         1.96         |          18         
       Unibet        |         3.80         |         2.85         |         2.02         |          18         
    William Hill     |         3.90         |         2.70         |         2.05         |          18         
       youwin        |         3.60         |         2.80         |         1.97         |          18         
  Betfair Exchange   |         3.80         |         2.86         |         2.18         |          18         
       10Bet         |         2.90         |         2.65         |         2.40         |          19         
       1xBet         |         3.15         |         2.64         |         2.60         |          19         
      888sport       |         2.90         |         2.70         |         2.50         |          19         
    bet-at-home      |         3.05         |         2.65         |         2.46         |          19         
      Betfair        |         3.00         |         2.75         |         2.45         |          19         
     BetVictor       |         2.90         |         2.80         |         2.38         |          19         
       Betway        |         2.90         |         2.80         |         2.50         |          19         
        bwin         |         2.75         |         2.75         |         2.55         |          19         
       ComeOn        |         2.90         |         2.65         |         2.40         |          19         
    Interwetten      |         3.05         |         2.60         |         2.50         |          19         
      Pinnacle       |         3.21         |         2.74         |         2.58         |          19         
       SBOBET        |         2.85         |         2.67         |         2.36         |          19         
       Unibet        |         2.90         |         2.70         |         2.50         |          19         
    William Hill     |         3.00         |         2.62         |         2.50         |          19         
       youwin        |         3.10         |         2.85         |         2.55         |          19         
  Betfair Exchange   |         3.04         |         2.84         |         2.58         |          19         
       10Bet         |         2.65         |         2.65         |         2.55         |          20         
       1xBet         |         2.76         |         2.73         |         2.78         |          20         
      888sport       |         2.70         |         2.75         |         2.62         |          20         
    bet-at-home      |         2.70         |         2.75         |         2.65         |          20         
      Betfair        |         2.70         |         2.80         |         2.63         |          20         
     BetVictor       |         2.63         |         2.88         |         2.55         |          20         
       Betway        |         2.70         |         2.88         |         2.63         |          20         
        bwin         |         2.75         |         2.75         |         2.60         |          20         
       ComeOn        |         2.65         |         2.65         |         2.55         |          20         
    Interwetten      |         2.75         |         2.70         |         2.65         |          20         
      Pinnacle       |         2.83         |         2.81         |         2.82         |          20         
       SBOBET        |         2.59         |         2.73         |         2.52         |          20         
       Unibet        |         2.70         |         2.75         |         2.62         |          20         
    William Hill     |         2.75         |         2.70         |         2.70         |          20         
       youwin        |         2.85         |         2.95         |         2.70         |          20         
  Betfair Exchange   |         2.79         |         2.90         |         2.77         |          20         
       10Bet         |         4.85         |         3.95         |         1.48         |          21         
       188BET        |         4.45         |         4.35         |         1.50         |          21         
       1xBet         |         4.92         |         4.62         |         1.49         |          21         
    bet-at-home      |         3.90         |         3.95         |         1.61         |          21         
       ComeOn        |         4.05         |         3.50         |         1.64         |          21         
      Pinnacle       |         4.30         |         3.69         |         1.74         |          21         
       10Bet         |         1.57         |         4.15         |         3.90         |          22         
       188BET        |         1.60         |         4.20         |         3.95         |          22         
       1xBet         |         1.53         |         4.74         |         4.44         |          22         
    bet-at-home      |         1.61         |         4.00         |         3.80         |          22         
       ComeOn        |         1.58         |         4.05         |         3.90         |          22         
      Pinnacle       |         1.78         |         4.12         |         3.68         |          22         
      888sport       |         2.90         |         3.20         |         2.25         |          23         
       Betway        |         2.88         |         3.60         |         2.20         |          23         
       SBOBET        |         2.51         |         3.54         |         2.23         |          23         
       Unibet        |         2.90         |         3.20         |         2.25         |          23         
       188BET        |         1.01         |         9.90         |        13.50         |          24         
       1xBet         |         1.04         |        12.50         |        28.00         |          24         
     BetVictor       |         1.06         |         9.50         |        19.00         |          24         
       1xBet         |        40.00         |        15.00         |         1.03         |          25         
    Interwetten      |         1.85         |         3.50         |         3.70         |          26         
       10Bet         |         1.66         |         4.05         |         3.45         |          27         
       188BET        |         1.71         |         4.00         |         3.50         |          27         
       1xBet         |         1.74         |         4.26         |         3.74         |          27         
      Betfair        |         1.67         |         3.90         |         3.90         |          27         
       Betway        |         1.75         |         4.00         |         3.60         |          27         
        bwin         |         1.68         |         4.00         |         3.70         |          27         
       ComeOn        |         1.66         |         4.05         |         3.45         |          27         
    Interwetten      |         1.73         |         3.80         |         3.85         |          27         
      Pinnacle       |         1.70         |         4.19         |         3.48         |          27         
    William Hill     |         1.73         |         3.90         |         3.60         |          27         
       youwin        |         1.70         |         4.20         |         3.90         |          27         
  Betfair Exchange   |         1.73         |         4.33         |         3.85         |          27         
